	3AbPost2	3AbPost3	3AbStomach	3Abpost1	3AbAnt1	3AbMid2
3AbPost2	0.0	0.742075914042	0.564278194064	0.551909907263	0.683479839471	0.663594925858
3AbPost3	0.742075914042	0.0	0.854933742121	0.539484798857	0.481057187353	0.62737015791
3AbStomach	0.564278194064	0.854933742121	0.0	0.584779288128	0.79757834734	0.611357313141
3Abpost1	0.551909907263	0.539484798857	0.584779288128	0.0	0.517174051317	0.501847252047
3AbAnt1	0.683479839471	0.481057187353	0.79757834734	0.517174051317	0.0	0.57084800149
3AbMid2	0.663594925858	0.62737015791	0.611357313141	0.501847252047	0.57084800149	0.0