	9P2	9P1	9M1	9M2	9A	9S
9P2	0.0	0.702092836364	0.955700484385	0.848423490909	0.744991647353	1.07547285183
9P1	0.702092836364	0.0	1.18275862647	0.709848127273	0.911474342324	1.24020104979
9M1	0.955700484385	1.18275862647	0.0	1.09996653065	0.559957063461	0.917208448776
9M2	0.848423490909	0.709848127273	1.09996653065	0.0	0.884655718748	1.15651556499
9A	0.744991647353	0.911474342324	0.559957063461	0.884655718748	0.0	0.955409439439
9S	1.07547285183	1.24020104979	0.917208448776	1.15651556499	0.955409439439	0.0