	At14Esophagus	At14Post1	At14Ant1	At14Ant2	At14Mid2	At14Mid1	At14Stomach
At14Esophagus	0.0	0.710891368811	0.432496447641	0.499711929469	0.444850462905	0.466145240442	0.515401885719
At14Post1	0.710891368811	0.0	0.755745892313	0.819639491002	0.753094259368	0.757081530989	0.841917670422
At14Ant1	0.432496447641	0.755745892313	0.0	0.509122680036	0.395391351562	0.461671568021	0.415696648658
At14Ant2	0.499711929469	0.819639491002	0.509122680036	0.0	0.500008236322	0.545475994225	0.553477907439
At14Mid2	0.444850462905	0.753094259368	0.395391351562	0.500008236322	0.0	0.419094631622	0.434086878062
At14Mid1	0.466145240442	0.757081530989	0.461671568021	0.545475994225	0.419094631622	0.0	0.505271940417
At14Stomach	0.515401885719	0.841917670422	0.415696648658	0.553477907439	0.434086878062	0.505271940417	0.0