	Nl19Stomach	Nl19Post2	Nl19Esoph	Nl19Ant1	Nl19Mid2	Nl19Mid1	Nl19Post1
Nl19Stomach	0.0	0.481970748149	0.596196823113	0.534139804814	0.630837346282	0.528384353845	0.526480641947
Nl19Post2	0.481970748149	0.0	0.44670128205	0.447459989134	0.532260794873	0.46887349907	0.416776357231
Nl19Esoph	0.596196823113	0.44670128205	0.0	0.647478506485	0.481867723904	0.404453918601	0.476875561788
Nl19Ant1	0.534139804814	0.447459989134	0.647478506485	0.0	0.616889894057	0.596076254542	0.489989446792
Nl19Mid2	0.630837346282	0.532260794873	0.481867723904	0.616889894057	0.0	0.500944343054	0.446218894655
Nl19Mid1	0.528384353845	0.46887349907	0.404453918601	0.596076254542	0.500944343054	0.0	0.449654948681
Nl19Post1	0.526480641947	0.416776357231	0.476875561788	0.489989446792	0.446218894655	0.449654948681	0.0