	Nl18Mid2	Nl18Esoph	Nl18Post1	Nl18Post2	Nl18Stomach	Nl18Mid1	Nl18Ant1
Nl18Mid2	0.0	0.363765818182	0.338661312652	1.00072026939	0.389604253913	0.821919445455	0.330700513201
Nl18Esoph	0.363765818182	0.0	0.427756157646	1.01616130199	0.461907923776	0.846999972727	0.376786670868
Nl18Post1	0.338661312652	0.427756157646	0.0	0.9346358901	0.419416274962	0.849316820947	0.373151084246
Nl18Post2	1.00072026939	1.01616130199	0.9346358901	0.0	0.999162816227	1.0669717778	1.0073480067
Nl18Stomach	0.389604253913	0.461907923776	0.419416274962	0.999162816227	0.0	0.835600580952	0.418092122755
Nl18Mid1	0.821919445455	0.846999972727	0.849316820947	1.0669717778	0.835600580952	0.0	0.865036762545
Nl18Ant1	0.330700513201	0.376786670868	0.373151084246	1.0073480067	0.418092122755	0.865036762545	0.0