	Nl17Ant1	Nl17Stomach	Nl17Esoph	Nl17Post1	Nl17Post2	Nl17Mid1	Nl17Mid2
Nl17Ant1	0.0	0.509545404986	0.436806519974	0.705282787593	1.12306036194	0.514988566057	0.597539039861
Nl17Stomach	0.509545404986	0.0	0.506061735185	0.658168944346	1.09633067743	0.47194850924	0.545409331601
Nl17Esoph	0.436806519974	0.506061735185	0.0	0.640041301915	1.04360527753	0.480658264007	0.542197895946
Nl17Post1	0.705282787593	0.658168944346	0.640041301915	0.0	0.694118696838	0.609216144698	0.491680962654
Nl17Post2	1.12306036194	1.09633067743	1.04360527753	0.694118696838	0.0	1.00723143416	0.886729773571
Nl17Mid1	0.514988566057	0.47194850924	0.480658264007	0.609216144698	1.00723143416	0.0	0.498311539846
Nl17Mid2	0.597539039861	0.545409331601	0.542197895946	0.491680962654	0.886729773571	0.498311539846	0.0