	An10Ant1	At4Post1	Ao20Stomach	Zv6Mid2	Zv6Mid1	Ax16Ant2	Ax16Ant1	3AbPost2	Nu1Mid1	Nl17Ant1	13M1	Ao20Post1	12M2	Al12Post3	Al12Post2	9P2	9P1	Al11Esophagus	At14Esophagus	2S	Nu15Mid2	Nu15Mid1	An9Ant2	Zf5Ant1	Zf5Stomach	3AbPost3	10P2	10P1	2P1	At4Mid2	Al12Ant2	7P1	7P2	13S	Zv6Post1	Zv6Post2	Zv6Post3	Nl17Stomach	3M2	3M1	Nl18Mid2	Ax16Stomach	Nl19Stomach	At14Post1	Ct13Stomach	Zf5Post1	Zf5Post3	Zf5Post2	Nl19Post2	Zf5Esophagus	Nl19Esoph	Nu1Ant1	Nl17Esoph	9M1	Al12Stomach	9M2	Nl17Post1	Nl17Post2	7M1	Zv6Stomach	Nl18Esoph	An10Stomach	12A2	Nl8Ant1	Nl8Ant2	12A1	8P2	8P1	U.Food.	6P2	At14Ant1	Nl8Mid2	Nl8Mid1	8A	11S	8S	Nl18Post1	Nl18Post2	1P	1S	Ax16Post1	Ax16Post3	Ax16Post2	1A	10M1	10M2	Ax16Esophagus	Nu1Ant12	9A	Nl19Ant1	3AbStomach	9S	Nl18Stomach	Nl19Mid2	Nl19Mid1	At4Ant1	Zf5Ant2	Zf5Mid2	Nl17Mid1	Nl17Mid2	Nu15Post1	Nu15Post2	Al12Esophagus	6A	Ax16Mid2	13P2	8M	12P1	MG1	Nl18Mid1	12P2	11M	Nl19Post1	3P1	An10Mid	At14Ant2	At14Mid2	At14Mid1	Zv6Ant1	Al11Ant1	Al11Ant2	3A	Nu15Stomach	At14Stomach	Nu1post2	Nu1post3	An9Post2	Nu1post1	HG1	Nl8Esophagus	3Abpost1	Al11Mid1	Ao20Ant1	Nu15Ant1	3AbAnt1	7A2	Nu15Esophagus	2M1	3AbMid2	3P2	1M1	Nl18Ant1	Zv6Ant2	Ao20Esophagus	At4Post2
An10Ant1	0.0	0.772989852406	0.836873955712	0.824918672018	0.737285445254	0.87733990805	0.863194667229	0.783258890141	0.879592237994	0.832432080642	0.945209778812	0.805150735525	0.919215435888	0.835499668401	0.825957667837	0.880466590205	0.976693956722	0.833801459874	0.808222922441	0.888426478936	0.83173731376	0.815166952156	0.751677849397	0.702786917297	0.752216513881	0.814298809858	0.943711831389	0.959836857652	0.969955469322	0.748771490677	0.831265200488	0.9350091084	0.937539309878	0.82615455421	0.720338623858	0.787906410513	0.774275382432	0.841849792331	0.944566833883	0.8477496101	0.798005686578	0.825603455887	0.870136173186	0.749980460249	0.764516930892	0.76258706119	0.772854635484	0.78177706533	0.84780617517	0.805730259663	0.833328187465	0.82984155026	0.846851963813	0.890505994399	0.830084015214	0.972552925005	0.846096188101	0.911600987836	0.940536122327	0.767280113916	0.810073173279	0.773764840263	0.948445258017	0.757653036295	0.754643926383	0.840834683908	0.978209056622	0.96327962206	0.894524273987	0.969246253423	0.816629818002	0.782748160531	0.785110858215	0.892376794494	0.904996249546	0.902564329169	0.834281996346	0.90954186441	0.942723945261	0.910362310441	0.83813893298	0.759768099347	0.827241740368	0.878314203389	0.839238604792	0.848451748292	0.819261493855	0.781317318397	0.907714177678	0.857470083892	0.802259948631	0.95606018634	0.835122910908	0.828397969474	0.801127914444	0.776040405182	0.764476456746	0.788592861662	0.838678808788	0.857213541485	0.913742544326	0.827577180943	0.78098758209	0.87711293996	0.832540104722	0.958725029565	0.875754459624	0.861793965403	0.950816351348	0.759708710779	0.966646395039	0.9525656709	0.838470803361	0.928927998979	0.705756756677	0.838278468821	0.800237398323	0.80530867927	0.792238037117	0.854134648483	0.845162719346	0.88569440267	0.845098928571	0.823561242819	0.838366042349	0.811820590855	0.806610236208	0.872995841804	0.907478905816	0.780189719825	0.802208653724	0.769835488695	0.824716496141	0.831017275922	0.81923830516	0.900290945147	0.805788025848	0.880942099063	0.818501773579	0.946892481524	0.920471235432	0.83699793364	0.767523167941	0.828192246955	0.760439964075
At4Post1	0.772989852406	0.0	0.769975407276	0.863832635727	0.760522855074	0.859318716751	0.855862623417	0.764192442324	0.894562963703	0.769138621137	0.939716392645	0.757195386782	0.91016992593	0.838647036812	0.831738768695	0.867139014887	0.957247599171	0.86615820912	0.755522580561	0.873338028947	0.790778399025	0.785830358919	0.77012704385	0.761362185632	0.793052347365	0.745429851342	0.928360691673	0.941992070269	0.950060656204	0.729981849242	0.878406859306	0.931060541632	0.930068780212	0.81530266846	0.714071809589	0.772221517046	0.769331026461	0.778786111204	0.943096528182	0.854498382789	0.751926637089	0.768222325513	0.820166364662	0.775135381134	0.799184565491	0.721282656776	0.765239703955	0.783524006695	0.801341070273	0.854541225969	0.784778710118	0.842338327866	0.778024167625	0.88613464358	0.818366149989	0.958902444898	0.805435175985	0.900137899754	0.938395054017	0.717504535004	0.750965078561	0.818760993931	0.945697739543	0.758245079244	0.758442758206	0.845195044962	0.959647781251	0.944719660943	0.883410296932	0.952809466396	0.771866212868	0.824928627703	0.789915541898	0.881789401956	0.908107165982	0.902619310943	0.788679385256	0.894957080252	0.92830157614	0.908933362818	0.799351568696	0.807123817108	0.770970153266	0.885695538401	0.837010563198	0.855215110643	0.770309612603	0.854104073266	0.892857677092	0.833939447314	0.805925716572	0.954501010381	0.77895531663	0.785493144265	0.754063812164	0.727583114942	0.723640101704	0.719331011472	0.786489418941	0.809982341444	0.899082362782	0.777521347915	0.79496622066	0.873718899719	0.783221845657	0.939756301761	0.855335201723	0.838250117538	0.946151577099	0.78010898539	0.949061741378	0.948239026713	0.813500209231	0.916913695633	0.788328836422	0.798026942448	0.747421913218	0.755255748387	0.834315579831	0.899738992751	0.905031000252	0.892466966784	0.777427613707	0.764189834047	0.775315874209	0.756849642373	0.833112209764	0.90632830784	0.906232121336	0.753994114321	0.777016445492	0.785269592936	0.745097226654	0.756673897879	0.74599441346	0.905540757322	0.746207980499	0.872733252151	0.774550999375	0.937165230454	0.922225262361	0.778470541198	0.747013992427	0.777205355227	0.735259097963
Ao20Stomach	0.836873955712	0.769975407276	0.0	0.919297167214	0.80570385238	0.849025713447	0.823217103749	0.808249504054	0.95012456539	0.717728782993	0.93857032048	0.725556207815	0.914038131511	0.847160131523	0.855206650379	0.869487255902	0.956115305793	0.931490702296	0.734873770171	0.86538013357	0.72198374865	0.743366709336	0.797309679974	0.832098475182	0.847343885873	0.692185078468	0.932824520099	0.945348196538	0.951327489173	0.759948207913	0.932560873665	0.922365855888	0.923938836968	0.818329250866	0.794186263062	0.818512194741	0.816658399942	0.716764220844	0.936366079769	0.868509439748	0.69432871577	0.694177779318	0.77687892784	0.811044314695	0.840129630899	0.788053952449	0.819223051809	0.829292045893	0.747334993957	0.919712425476	0.721284814903	0.884571231523	0.704384640007	0.88066465591	0.841051227274	0.956223588594	0.772249980403	0.890026927458	0.933890469188	0.766786242173	0.682731927711	0.844930961005	0.940136210916	0.811813773724	0.804887386414	0.835274636903	0.95608530944	0.942159697116	0.873838581174	0.947834096336	0.689342975486	0.86643089486	0.883039256245	0.878575981129	0.908012062231	0.90166292622	0.711825844944	0.885837404721	0.924431706658	0.89703169812	0.754839753507	0.864087808815	0.710701377814	0.886298422932	0.843765891429	0.854240148006	0.726040772182	0.853485693271	0.886386657994	0.778123548349	0.81172010845	0.951613596176	0.723947202723	0.738177067472	0.720806567515	0.767653367994	0.77554451191	0.787951488005	0.729656531339	0.783840765328	0.886735966271	0.706476315232	0.842138298074	0.876168146541	0.717172818052	0.94407104146	0.848598534146	0.838439206551	0.942808078554	0.829680521055	0.948358252918	0.94549277844	0.765894309277	0.915474492454	0.813108968484	0.730050502603	0.714183507994	0.717590026912	0.886248843199	0.923020406876	0.918444419664	0.901435743438	0.721251332284	0.711344696261	0.691029034982	0.691319484907	0.886150612357	0.947676169844	0.908239673193	0.79358950327	0.752889052626	0.77902319963	0.712091052741	0.726873331195	0.704914226055	0.898022360182	0.707171538942	0.886241831045	0.735339782717	0.93310829423	0.921429109817	0.701694962793	0.790305715921	0.717562000924	0.809140432983
Zv6Mid2	0.824918672018	0.863832635727	0.919297167214	0.0	0.779657105032	0.932479744096	0.931498119708	0.87137164485	0.829719770016	0.919408593419	0.963063620157	0.90550142007	0.937864399692	0.899785104702	0.863489641552	0.915264497272	0.977417976847	0.824777464579	0.902225763097	0.91898623425	0.925799297605	0.911348495692	0.870274162285	0.799235391364	0.79879191355	0.912559130421	0.969902971121	0.967352822607	0.971777301555	0.860921593196	0.831559619308	0.949100866794	0.952064219877	0.888653650623	0.806896055535	0.848370477803	0.831766923575	0.924138224119	0.96128483142	0.906247473715	0.915886520531	0.916137840169	0.933679008922	0.815280266398	0.844832131138	0.869770529903	0.858163445508	0.854471133725	0.930898584903	0.790546927379	0.924309543599	0.835106292154	0.924044548137	0.929899969223	0.885331388778	0.970772267423	0.931341932825	0.949003841456	0.953225400329	0.844670464299	0.918232893808	0.876486793674	0.964117223224	0.811437905295	0.826872498639	0.896097247161	0.979475306191	0.970728137151	0.932217937408	0.977163400971	0.905830598599	0.784759792915	0.824154957016	0.928884820633	0.948262729749	0.937049815498	0.927129177309	0.945562381781	0.961050396697	0.944284063975	0.921397945182	0.778922025999	0.914559296011	0.926769830935	0.899909507238	0.910365409762	0.909166136219	0.845847563081	0.932164370603	0.924514263119	0.841218752818	0.960485569236	0.925740010229	0.923140799344	0.897997548764	0.891859688446	0.840388869202	0.872730681749	0.921682220984	0.935094243206	0.942690222407	0.919467018813	0.825897489531	0.914203775308	0.920737216951	0.96716609857	0.920372876346	0.902573304646	0.969692833616	0.798288132625	0.97382864439	0.966726752966	0.922261089525	0.950283440718	0.774647319471	0.935943151241	0.886404387362	0.90658926681	0.742857567063	0.808343227626	0.80262006162	0.921289631276	0.922115016195	0.919398960394	0.920618400853	0.915613481533	0.78603285568	0.850519994309	0.94934281345	0.812320751842	0.887180783292	0.849818887992	0.917574999384	0.923368528869	0.909184819491	0.922397263214	0.907002726609	0.928888157869	0.880847473738	0.963594878482	0.952105737149	0.924112083786	0.781090518376	0.90890276272	0.825609846842
Zv6Mid1	0.737285445254	0.760522855074	0.80570385238	0.779657105032	0.0	0.857919631686	0.867164232251	0.749100360105	0.859067211434	0.815251890827	0.95126892336	0.790707762306	0.921337080032	0.841007077657	0.791444988917	0.884026463212	0.97283695694	0.837602969625	0.800385702585	0.877683059567	0.802666294069	0.810574729217	0.763599886709	0.725618670674	0.724905157236	0.80626682658	0.946955615561	0.952454675758	0.965823983452	0.743111973009	0.844735271013	0.932192752101	0.93708780289	0.813316731437	0.687258228813	0.774074605158	0.747954064052	0.818699227881	0.948339572593	0.854674563733	0.795163038892	0.804483302789	0.850282805221	0.733098257374	0.771309617093	0.767400138188	0.755789226614	0.766418782009	0.818115704816	0.803710107176	0.818700001545	0.822401166818	0.812282347005	0.886892655779	0.811317658131	0.968250890355	0.845832826704	0.90762506213	0.945251012571	0.746049701584	0.80288444988	0.793503228852	0.954392111308	0.764069827242	0.732749467808	0.844552069343	0.96476319268	0.951102211056	0.897561306524	0.963555468663	0.790199527528	0.786482559126	0.788853263975	0.890317679403	0.914770411439	0.907568626687	0.807807631928	0.908577260473	0.941258714092	0.903522623313	0.829069497012	0.758355861543	0.822312649513	0.887259010777	0.843074383279	0.854284356492	0.811761905747	0.810160096092	0.895145785201	0.836267299454	0.780152255657	0.957623229146	0.821947680163	0.819846308382	0.783544345149	0.77002597724	0.736271108316	0.773264669569	0.809418380287	0.84611486744	0.901004342616	0.814997283922	0.786256190748	0.883905559723	0.816395256251	0.957515345695	0.867096807271	0.845772174581	0.956029006385	0.766803560093	0.962269379036	0.9576030711	0.821006879205	0.928684558914	0.714716360742	0.833723109221	0.780473836875	0.811909187083	0.759744819601	0.860565145658	0.872209732419	0.892988135284	0.810760630922	0.824586034422	0.804221558553	0.785180695453	0.801620514422	0.861511818576	0.915912727103	0.742691846929	0.779996309734	0.751773794746	0.805965185799	0.82049395009	0.784282849139	0.889765935834	0.799013022205	0.886186196568	0.7796847039	0.946423789177	0.922306956992	0.804377492465	0.710491628527	0.810902472559	0.74673527794
Ax16Ant2	0.87733990805	0.859318716751	0.849025713447	0.932479744096	0.857919631686	0.0	0.699915762908	0.875005947754	0.961874410973	0.852200356757	0.941577800249	0.850163257147	0.905120105388	0.869401900616	0.861834130429	0.894825502551	0.961963256129	0.953474646013	0.838829269623	0.844354930537	0.832393247365	0.828677976901	0.828878922465	0.872869124077	0.896239006078	0.862125227758	0.935589778004	0.939733908828	0.955267853172	0.853741359008	0.953228235435	0.909334203972	0.890532342327	0.863471060897	0.839021484071	0.86606119125	0.859773938915	0.848989039837	0.932826050227	0.876860843684	0.851491122163	0.823988719622	0.830432653599	0.884425730518	0.85442873101	0.849086548232	0.854062057687	0.864059104627	0.846219141212	0.93712663888	0.855832497834	0.912080076125	0.848746717416	0.844488897233	0.808802825106	0.959339767906	0.854428359909	0.902526690822	0.926352890818	0.834050427559	0.851542090937	0.849284828	0.934917569706	0.872101440354	0.851623569423	0.875330491901	0.958010471053	0.949848398542	0.836932311442	0.950210989356	0.844473089951	0.906223961748	0.90450145935	0.898686781816	0.859388174833	0.847634584585	0.837364151995	0.900451844951	0.930908823019	0.851659060935	0.774265502166	0.880279393366	0.842079787751	0.900593504345	0.864501242392	0.872937096501	0.819763455443	0.880437279125	0.856218708387	0.843742358159	0.877025516808	0.906317012274	0.841165841157	0.84559890462	0.847181140387	0.82607430966	0.856819059418	0.863347575627	0.833998330852	0.848938523732	0.902194536682	0.845999635424	0.884783815675	0.878492964738	0.84625067874	0.944348048071	0.869142767401	0.858948449125	0.941667985227	0.888285288814	0.946628210753	0.942354912261	0.847579204652	0.907172342285	0.863416739355	0.840473764072	0.840759967728	0.842160402305	0.908552276448	0.926625901998	0.935155349625	0.91307781957	0.83050835925	0.836514880182	0.859215634841	0.855373942926	0.913096456868	0.966818343825	0.915202993631	0.864619832015	0.856732778826	0.85766123037	0.845319863453	0.841918883998	0.854555859358	0.813170575653	0.85045742635	0.886257358582	0.859093045408	0.93139578782	0.911529878731	0.831039288929	0.865337731748	0.830222733139	0.856896520702
Ax16Ant1	0.863194667229	0.855862623417	0.823217103749	0.931498119708	0.867164232251	0.699915762908	0.0	0.870678127396	0.96189890678	0.849846230495	0.939882646087	0.822423911802	0.905105057671	0.861584607734	0.861290597225	0.879450105506	0.957041387854	0.952940545205	0.839593447706	0.840644554238	0.823748787083	0.817065855885	0.827834763269	0.869841153374	0.883693936461	0.844973369559	0.938822564778	0.952469627357	0.955660250579	0.839265711791	0.950602617602	0.903230746694	0.892482843019	0.855087141142	0.834814522628	0.856808291623	0.845032946366	0.822742196974	0.935314789287	0.883613177313	0.817120052416	0.818428812668	0.811786690123	0.863156685208	0.849344664964	0.844434604897	0.830084493479	0.859692310076	0.854628326621	0.93435287192	0.842342795803	0.911678476636	0.837944136147	0.859171278081	0.80627854567	0.952027762252	0.852706439239	0.908285996207	0.926654433644	0.832741480349	0.836592663746	0.839007628779	0.93808994404	0.86082912422	0.845490561509	0.865702704979	0.96053312955	0.945719694812	0.829554376507	0.955845521498	0.825862468226	0.889822314059	0.897231657798	0.876705312855	0.838374548084	0.829801782741	0.836126071307	0.905876563821	0.942161217086	0.842557424634	0.75078176349	0.875545899994	0.824309762034	0.896665364834	0.852997995993	0.865784792821	0.809352549266	0.876787955519	0.869358686184	0.848396609997	0.861645681481	0.887876921752	0.830144574829	0.827441032173	0.82850520103	0.823704877112	0.841011760622	0.843071550762	0.828821524427	0.844987444866	0.898954482491	0.832906932916	0.86765372248	0.870943280711	0.8298899524	0.951322999889	0.860294727547	0.84936159856	0.941235919591	0.881002007102	0.947249928082	0.93834742612	0.835932862176	0.914791732869	0.852306907398	0.852625729938	0.834914346121	0.837418060082	0.911014687746	0.929554462748	0.93518582172	0.898579242659	0.809116784792	0.821712077207	0.836398625874	0.831071783129	0.908331635797	0.963962786448	0.913290460265	0.853672278355	0.833908553876	0.8451828299	0.832312242628	0.828917747202	0.849770911249	0.816435697027	0.826507971641	0.879911491902	0.835819206118	0.936345181493	0.932639241577	0.831418782801	0.862976383669	0.820788462402	0.848081711666
3AbPost2	0.783258890141	0.764192442324	0.808249504054	0.87137164485	0.749100360105	0.875005947754	0.870678127396	0.0	0.903937311692	0.787870526541	0.955726010341	0.805380155917	0.919683693648	0.850387395031	0.857462764408	0.893810517971	0.964458424003	0.876736044649	0.817455361857	0.900673017868	0.800179042663	0.802002831253	0.796630617804	0.79458270268	0.801550885241	0.791758554745	0.942697539403	0.949751356321	0.957848577493	0.761261480352	0.880877690118	0.928751991446	0.948021248735	0.819628272332	0.777499689598	0.811011715539	0.803700886973	0.832633617742	0.956971025988	0.866680735207	0.781362059539	0.805016546072	0.870540276262	0.761595662073	0.814379206924	0.781762464924	0.77930163629	0.79139130534	0.818968936752	0.879250736623	0.808709875967	0.848805020169	0.808656262117	0.913690785323	0.855501819175	0.962366145115	0.845076224065	0.905731243721	0.954996990064	0.791833233107	0.784119662799	0.819632361674	0.962780442116	0.798549713869	0.768579569217	0.85751574931	0.964410424562	0.957663231314	0.895757780288	0.959711652972	0.794021667153	0.799377285172	0.807938833787	0.896980035052	0.915712168387	0.918975063139	0.811493670933	0.903397524193	0.938425427306	0.921574658468	0.833146601937	0.790728659064	0.78832334319	0.89962737065	0.860842301131	0.880827145931	0.816128395075	0.814476403845	0.916085535847	0.851510229668	0.753155165715	0.958036259413	0.814009642622	0.822828712539	0.797406519488	0.775646814521	0.774098767248	0.785579558517	0.812426704453	0.855552584325	0.900352323331	0.803116012113	0.790722937183	0.891904786225	0.809863921751	0.948561223696	0.879578594499	0.846687822276	0.960994563415	0.780402792864	0.960705386763	0.963010176208	0.818674754648	0.922031417712	0.779862101209	0.831982305485	0.75289580635	0.799997689106	0.849225814956	0.904385179573	0.898334398318	0.904743788409	0.809717416205	0.80632920847	0.79856553265	0.769491229799	0.857443878796	0.92666861836	0.913352909333	0.772022677562	0.775434217321	0.774221298993	0.802171729626	0.819684122673	0.788110285999	0.912438498405	0.803043883894	0.906843810105	0.779938509798	0.954419841051	0.926767926968	0.8041038659	0.742997783444	0.80639123014	0.778191287239
Nu1Mid1	0.879592237994	0.894562963703	0.95012456539	0.829719770016	0.859067211434	0.961874410973	0.96189890678	0.903937311692	0.0	0.951850687727	0.978168827106	0.941793272097	0.961749688001	0.926702964473	0.879557271492	0.942359286279	0.981046184801	0.82516610871	0.941170192317	0.943193110729	0.946328257751	0.950877840925	0.911847782342	0.859422549855	0.83147249942	0.94707208989	0.972473337708	0.971444333637	0.974907670262	0.920754105797	0.846487850351	0.962663344324	0.972792997036	0.927849335291	0.875158027885	0.905242259673	0.891498615863	0.951962582439	0.976230145794	0.944445884759	0.9475339426	0.950205891241	0.958889461092	0.844836482392	0.883397564441	0.913214014372	0.912707000743	0.924760538678	0.948922592142	0.809283889795	0.952189619085	0.810167756155	0.953174668848	0.955759658156	0.905063717263	0.975660781685	0.953582435095	0.95889217649	0.97557531036	0.902265025149	0.946007383959	0.911025611862	0.979312097643	0.862812094602	0.887463974706	0.939428198788	0.981504649921	0.978229314539	0.957352865878	0.977256834116	0.938237578627	0.858487705566	0.835561960725	0.953356442191	0.97383214524	0.963534372517	0.948520734505	0.962014298979	0.965509280477	0.959548440164	0.957342768751	0.826869501898	0.949603297551	0.95210861715	0.938439124265	0.936201918496	0.951427410085	0.927348806141	0.961041868838	0.951715198989	0.905603528092	0.975453532425	0.954392314017	0.955927824521	0.935748922766	0.924855388313	0.897255256787	0.904945722609	0.943600690029	0.952794693134	0.954077840968	0.950607193522	0.877366619401	0.954000933165	0.952977132096	0.97013646902	0.950983327628	0.940582881803	0.981141278217	0.873434521696	0.981767244574	0.97938687782	0.94757283795	0.96121054276	0.878639475786	0.952208492823	0.92600312253	0.940448814057	0.850700041238	0.870552193454	0.871240668646	0.953707502437	0.953819565939	0.948531109472	0.952664391343	0.946830107348	0.82504969028	0.82232418698	0.960890929947	0.877372278223	0.933708161497	0.891193501745	0.951121527505	0.958664042912	0.933795796798	0.963405567292	0.945798610865	0.951141331971	0.928129303438	0.969948756597	0.957965686887	0.95431985014	0.886427998842	0.939437404922	0.90048126333
Nl17Ant1	0.832432080642	0.769138621137	0.717728782993	0.919408593419	0.815251890827	0.852200356757	0.849846230495	0.787870526541	0.951850687727	0.0	0.95612704177	0.716233385394	0.906499346022	0.833632129775	0.859722986212	0.885579026299	0.945575133108	0.930613334715	0.725626101393	0.887090398939	0.721820808095	0.734610665129	0.817061133702	0.822148622887	0.859149555785	0.657358221275	0.922926838893	0.932924072859	0.93837891815	0.74603900544	0.936435971426	0.926505307962	0.945529731401	0.828145531688	0.800744442086	0.82936893106	0.814473059968	0.736936674831	0.962565754567	0.882676910393	0.694137971117	0.707543397866	0.784151406122	0.806451973841	0.844433729038	0.800231998912	0.810355286411	0.833583951274	0.741967662071	0.92085894588	0.698463514175	0.887069990719	0.729343701187	0.904249302907	0.850037403203	0.947814263841	0.76272041832	0.882373776193	0.959283100531	0.770109422368	0.71639595659	0.853236902544	0.965303843922	0.811415040125	0.799969226068	0.865850981981	0.947944100643	0.940105580981	0.876402096585	0.940302538344	0.684985489363	0.871242092133	0.879242770632	0.882374510276	0.922557050879	0.914624301609	0.725931943233	0.878567909764	0.916296793736	0.912112261132	0.76453142954	0.855880311252	0.676036034463	0.902190442937	0.870756587512	0.868624006909	0.726751988264	0.844344525737	0.898024934718	0.798109654694	0.804394384678	0.954903625602	0.715916016653	0.750159205903	0.738891305687	0.739037771785	0.771692674146	0.786544364755	0.754462630336	0.797531448048	0.880820295257	0.683240821665	0.832376503299	0.897857359598	0.708732693557	0.934238367639	0.860728514309	0.833560318622	0.965157703879	0.812016301244	0.938743161415	0.966092776351	0.768086926977	0.908895455127	0.817319809454	0.733503609474	0.695927167557	0.708959159146	0.899469995103	0.92640727554	0.923559118346	0.912690013031	0.737649657331	0.722352007923	0.699348002863	0.676786992769	0.904421624461	0.959221968287	0.901596433201	0.787876978537	0.751466901859	0.777386353079	0.704880920083	0.721600361212	0.709725128783	0.913923331647	0.703960601373	0.898776229144	0.740751361547	0.958187982181	0.92320518261	0.707367489035	0.782997466276	0.740058413767	0.799389871458
13M1	0.945209778812	0.939716392645	0.93857032048	0.963063620157	0.95126892336	0.941577800249	0.939882646087	0.955726010341	0.978168827106	0.95612704177	0.0	0.921282073732	0.952992710229	0.965664829028	0.961148716304	0.885406013517	0.989785657854	0.961015188793	0.942114568051	0.900445364498	0.956373658254	0.947526626234	0.946958247134	0.950552601937	0.953643017465	0.947179794337	0.960991035646	0.979558266846	0.973008339721	0.944312539643	0.962285437593	0.965148552802	0.683477277853	0.904937833933	0.94493680523	0.932413057309	0.95018063071	0.930133375464	0.619610758068	0.821669084222	0.950248042694	0.94695675542	0.954325826767	0.957427205128	0.930791988612	0.939499953645	0.94198073003	0.953107292834	0.94817509503	0.958210779348	0.937525533746	0.970884780132	0.948529027531	0.932628978801	0.945287204411	0.989976344012	0.927430492707	0.976537937986	0.646600411643	0.94213057387	0.933937173628	0.952561109205	0.643753284751	0.951007536825	0.954379705193	0.85540835307	0.987245671008	0.981128394443	0.928474429843	0.983082720921	0.950880773847	0.965631573253	0.958752559754	0.932511038458	0.934444431057	0.914397221058	0.941448762737	0.978397595493	0.967806410845	0.91474238494	0.923509956901	0.956963195817	0.936636165305	0.840300517431	0.843710803199	0.877374163316	0.926313019183	0.966100684941	0.946523454962	0.929323142378	0.959662366057	0.961412477622	0.940835955915	0.92177466784	0.925324744418	0.938852965787	0.944981836345	0.93751131698	0.931295570682	0.913125724801	0.972632748038	0.933465329988	0.953309751115	0.818995635981	0.922072145718	0.98139572592	0.913382747571	0.902307614522	0.633579353101	0.960141178739	0.984844376749	0.637108852914	0.951942266442	0.954238257118	0.953626613659	0.95120383573	0.937310560578	0.924238471845	0.959056700465	0.958940949111	0.959616480007	0.815788287727	0.929233272851	0.940517925516	0.946495726963	0.949061396722	0.960672008617	0.977107012797	0.949863760218	0.94953482284	0.949770615505	0.946048715047	0.922573537797	0.923427878144	0.948054931192	0.933943443058	0.938831737618	0.792715424098	0.954015152845	0.650947509204	0.967215209204	0.954559773587	0.953625292134	0.916880625519	0.941950704047
Ao20Post1	0.805150735525	0.757195386782	0.725556207815	0.90550142007	0.790707762306	0.850163257147	0.822423911802	0.805380155917	0.941793272097	0.716233385394	0.921282073732	0.0	0.901260303061	0.838702492319	0.845478635932	0.86889263887	0.954612275268	0.920107255419	0.72884923981	0.857847640487	0.731659288442	0.742309204518	0.801467702293	0.807141420981	0.845090048114	0.696310139765	0.926897241608	0.939648457494	0.944862900635	0.744456011652	0.924395808161	0.913851024202	0.910980830744	0.799259124207	0.764971151933	0.798826746279	0.788343340564	0.722166348092	0.927986990137	0.844227797167	0.669197108802	0.686270161699	0.780672633989	0.802313211941	0.806657772061	0.771687726801	0.780744135269	0.819645126827	0.755371226442	0.909960821464	0.701089375636	0.8854884379	0.716575968519	0.880599923663	0.832941574857	0.952199086093	0.755156303453	0.889784919951	0.925975990444	0.750309894248	0.687627514916	0.837996515835	0.930817336434	0.802058782432	0.79185977544	0.824932429411	0.950181622366	0.93964859317	0.867934482369	0.947011724711	0.699416554734	0.852435406583	0.854687639144	0.878159053431	0.908736242809	0.892771023526	0.723007949816	0.888732506034	0.927580604637	0.887799311212	0.744208039692	0.846222814007	0.716067244479	0.868499622018	0.81549811983	0.833648902873	0.695704199003	0.848250552386	0.884900447127	0.784274700581	0.780072060161	0.948135426191	0.754247216041	0.727698942163	0.683836829786	0.732880177901	0.745439484692	0.767070756447	0.722717423502	0.782025629606	0.886146946823	0.722432727568	0.815877533718	0.85428951633	0.695885515085	0.940905785269	0.843835842923	0.813371384692	0.92762411756	0.821973775725	0.94517661416	0.931589439909	0.753260052085	0.912525032502	0.807459096819	0.745754829326	0.720444407617	0.695921340668	0.875570546097	0.917101949744	0.916211168816	0.868670482739	0.722933112414	0.725741503049	0.71301236099	0.67232654001	0.89676013012	0.947139882814	0.898672418385	0.782285995621	0.748156301058	0.774140850133	0.6962500325	0.729998508036	0.718706799628	0.893950540197	0.686885474795	0.856818035811	0.718407632724	0.922862857667	0.916122206125	0.709250766782	0.799027635343	0.705164382169	0.779334709524
12M2	0.919215435888	0.91016992593	0.914038131511	0.937864399692	0.921337080032	0.905120105388	0.905105057671	0.919683693648	0.961749688001	0.906499346022	0.952992710229	0.901260303061	0.0	0.783207077111	0.843165973176	0.78101380129	0.774909617606	0.955947057114	0.884848470409	0.856237962605	0.890030627698	0.881625065053	0.912317462952	0.919110794067	0.939521275019	0.910535005912	0.854657570837	0.855174449712	0.867402194882	0.906302308442	0.952299377677	0.796646961576	0.908302551009	0.88974643801	0.890586261284	0.87546486562	0.87781904481	0.892039694808	0.956081096173	0.896155010437	0.892923852083	0.887528980613	0.869533432873	0.891840922538	0.901386233683	0.916404512534	0.878515665597	0.913399767714	0.872512867453	0.949251201732	0.899014580359	0.937928743885	0.888642022286	0.856830076086	0.882401363005	0.797457632753	0.8665831452	0.867684525982	0.940468913626	0.898539747905	0.90826009634	0.918354243277	0.958655863925	0.905454456746	0.897250594913	0.904387884726	0.857132840655	0.840043597165	0.840390425331	0.86479850549	0.883696143547	0.93360170932	0.93476802696	0.732402514447	0.907194905946	0.8802993281	0.893124143238	0.871428149217	0.844790738804	0.872759093431	0.88150539147	0.918212526542	0.898215433137	0.911823423632	0.887436831476	0.854760042084	0.889828751979	0.913082032654	0.826888139777	0.867389441646	0.922220971341	0.936624225319	0.890151730904	0.905694462943	0.883333018735	0.893769941521	0.908696816604	0.90952719156	0.868565219449	0.87653601197	0.848260011046	0.894532287137	0.882185118997	0.895925674676	0.893406830032	0.849413114119	0.802429056399	0.777588029441	0.952446862996	0.924916332128	0.74588917555	0.958624667287	0.867134994538	0.819231144955	0.910144739696	0.874128963574	0.899543612181	0.896296193795	0.938683130242	0.940925931807	0.942039924888	0.89600414833	0.90380916646	0.903719358558	0.911161079981	0.910465119383	0.930793988722	0.962833566574	0.772088243276	0.905444528805	0.900250841957	0.904640711538	0.906765475378	0.908650667265	0.913971372944	0.868388697837	0.898318869186	0.900965269886	0.90332492043	0.940728863946	0.875152626468	0.896265958037	0.911450750584	0.871271166644	0.906777159084
Al12Post3	0.835499668401	0.838647036812	0.847160131523	0.899785104702	0.841007077657	0.869401900616	0.861584607734	0.850387395031	0.926702964473	0.833632129775	0.965664829028	0.838702492319	0.783207077111	0.0	0.729114243337	0.812172643041	0.828789351723	0.920360629214	0.808090620008	0.847281431082	0.817324539525	0.812628739772	0.839747527527	0.846573278138	0.876170770889	0.836755398943	0.839948672976	0.841936855015	0.853189646254	0.831309336596	0.914950173091	0.880038279896	0.933197769893	0.884843366326	0.811574049728	0.807695928906	0.796248619761	0.835798929885	0.968879552351	0.901330519129	0.828618600948	0.806852942358	0.811792980862	0.800698054756	0.846953491419	0.834827178893	0.795416687506	0.838947670278	0.788173893934	0.916926408113	0.821510376454	0.890454508034	0.829911354824	0.847829439712	0.820800450455	0.832981605377	0.786330482996	0.800768086532	0.957429043111	0.830512730528	0.846608696582	0.867738370517	0.969627067942	0.822715730481	0.82305708669	0.905712567311	0.830829317981	0.822846157006	0.827215570034	0.840863687715	0.812192809008	0.865887104478	0.876434200922	0.760173982888	0.926511956918	0.893628853045	0.811354470557	0.795773490151	0.825579599816	0.874341502488	0.809132199355	0.861762443514	0.833745676882	0.930853706664	0.897948025539	0.868265627467	0.81755790421	0.860405256172	0.794534430449	0.782968618408	0.853651979105	0.947716299652	0.824687059099	0.846310718011	0.798751538728	0.831478862973	0.842365863982	0.835788053833	0.805502427403	0.821334704854	0.78238755139	0.834300185799	0.79024824236	0.915030928162	0.830568002914	0.845732600597	0.780061752365	0.808189571717	0.971922954766	0.843300074908	0.763177264146	0.971324320604	0.789167339693	0.794929084957	0.831601904749	0.781434191293	0.821135326731	0.831716932653	0.880167750518	0.918893334128	0.921162538855	0.930232985975	0.840837961678	0.832725939477	0.844701735158	0.838832230315	0.884680976717	0.92835267309	0.827274093488	0.832472514779	0.839279195789	0.830855036326	0.840496783803	0.849668321195	0.830743832397	0.881651511435	0.830038113803	0.902284254177	0.838405383472	0.951184530422	0.881137615341	0.823802861076	0.837241234865	0.808705919247	0.839074382017
Al12Post2	0.825957667837	0.831738768695	0.855206650379	0.863489641552	0.791444988917	0.861834130429	0.861290597225	0.857462764408	0.879557271492	0.859722986212	0.961148716304	0.845478635932	0.843165973176	0.729114243337	0.0	0.855670213513	0.895835509124	0.879819443199	0.838728492534	0.878451743468	0.837512857621	0.83229586777	0.807036365778	0.828985985145	0.819289168991	0.85654237752	0.912204785967	0.920519795524	0.922740967649	0.831773803762	0.890895286185	0.894916357057	0.914192376017	0.877358839251	0.775699259336	0.776965985098	0.769880975481	0.85564108758	0.962467993108	0.89679007349	0.844608646728	0.841108545582	0.858043747025	0.771578396924	0.82750509236	0.827567867994	0.788979666883	0.821186562619	0.839557899742	0.8716045738	0.861365918697	0.833728507822	0.849856047088	0.830921570094	0.769813411181	0.883574803382	0.847728027524	0.879692574109	0.950138648392	0.820897707267	0.856427439431	0.814062192817	0.964227134279	0.826201243915	0.820365305129	0.897078908087	0.905025036661	0.880752760624	0.86038801859	0.922713687475	0.827931856103	0.850286190089	0.83979693641	0.827450377745	0.926014375304	0.890625618298	0.839921305332	0.877369469839	0.900670145811	0.896023197301	0.850276933404	0.821748658173	0.86773149567	0.92446584517	0.889070688421	0.886996890005	0.840955234683	0.868734193576	0.816522235253	0.838566006196	0.859789313124	0.948031801345	0.858327226885	0.86200462357	0.828485362042	0.824101843468	0.826931758339	0.848720908104	0.843444464217	0.869424173767	0.864569102207	0.849238079733	0.794578396594	0.912042451341	0.851130293674	0.91781470819	0.827663812764	0.845772189918	0.967149085443	0.831073740501	0.849921998519	0.967255475999	0.832924113767	0.88536181437	0.813693144539	0.850693818919	0.826590683918	0.849297749837	0.846791251147	0.88133534581	0.894686042486	0.926497147239	0.859930026255	0.851082748992	0.860980805364	0.846505479399	0.820455882518	0.902110462966	0.866095044661	0.82445839773	0.853399304211	0.814864730236	0.859937673357	0.870035085499	0.839219137489	0.86281141765	0.84600670368	0.909184572726	0.838789415299	0.951513485117	0.913015883608	0.842187923046	0.829982206503	0.833356321052	0.819019568195
9P2	0.880466590205	0.867139014887	0.869487255902	0.915264497272	0.884026463212	0.894825502551	0.879450105506	0.893810517971	0.942359286279	0.885579026299	0.885406013517	0.86889263887	0.78101380129	0.812172643041	0.855670213513	0.0	0.791667093904	0.921106745785	0.846327478749	0.772199441229	0.860301703294	0.85004309175	0.876194689131	0.877106928725	0.902208395412	0.87169518776	0.839227546786	0.858781587822	0.872245121958	0.864491580276	0.926196336625	0.867963499696	0.856948085245	0.79955943275	0.860082148356	0.839529838624	0.857216189374	0.853869809525	0.882763346325	0.776597369739	0.86484697262	0.85281305025	0.852132274272	0.86150259942	0.847038936636	0.860523373476	0.863918220417	0.900529299344	0.848008134418	0.916974886708	0.862446099154	0.92600143652	0.859916165936	0.819319870556	0.864815120628	0.834843986343	0.830176111412	0.872520625552	0.877803053547	0.861871736345	0.866324231964	0.889549926509	0.887983974249	0.875944484851	0.883465170509	0.78164379687	0.863738903305	0.859656179464	0.815759795881	0.873309760721	0.847163126088	0.905521605635	0.912231086065	0.641652912427	0.878699113423	0.814233720192	0.857060758485	0.866207434153	0.842320900959	0.820861044611	0.843091724486	0.896937025646	0.861755032549	0.78694487425	0.739239788717	0.731229446786	0.862451797826	0.916350040212	0.781344525843	0.828025828545	0.9046312085	0.92946673058	0.86446516729	0.859628896979	0.830195391889	0.861394978421	0.862117933019	0.871715316993	0.85006247544	0.83225800126	0.860516101943	0.857164374504	0.854853944967	0.762186159053	0.868715229663	0.862611508673	0.721199037713	0.708782965391	0.879450651106	0.88704972102	0.835342967942	0.882559483976	0.857194825907	0.814237004299	0.88247394166	0.83863013313	0.870715953471	0.853914284972	0.90683305156	0.923479548083	0.918034351175	0.763374783493	0.867036842063	0.871338447382	0.88150960861	0.883387929223	0.894795671896	0.93266202514	0.797718114021	0.861657180276	0.871176551067	0.880816911551	0.868541496562	0.860340623053	0.881806439611	0.8512723928	0.861751133565	0.789075822662	0.886084021008	0.86681704271	0.849112485175	0.869585352477	0.881785116461	0.811570832531	0.87163338839
9P1	0.976693956722	0.957247599171	0.956115305793	0.977417976847	0.97283695694	0.961963256129	0.957041387854	0.964458424003	0.981046184801	0.945575133108	0.989785657854	0.954612275268	0.774909617606	0.828789351723	0.895835509124	0.791667093904	0.0	0.991465043202	0.914002445998	0.921474215456	0.925368671779	0.926796706544	0.970181370058	0.967435085687	0.981233804406	0.947687692941	0.848397534991	0.82986678729	0.814270340536	0.952513431485	0.990334752351	0.892359058567	0.967959507788	0.972222542572	0.946970034592	0.933864889827	0.937466977176	0.932185741262	0.99138844702	0.978696851487	0.942221757921	0.930538609548	0.910017088189	0.944788513245	0.965599912516	0.961212235407	0.937802195263	0.975252138997	0.902182740464	0.989677933828	0.941737564155	0.972563531804	0.926607378071	0.922241130372	0.93163268513	0.714363288738	0.891487125745	0.853090695422	0.985186788822	0.95816894444	0.952619212196	0.972949922529	0.991426662854	0.955764148506	0.962438205692	0.977999451651	0.825282061945	0.826861111121	0.913191053737	0.816085518352	0.930768976657	0.975694371257	0.982138108054	0.69686783778	0.976694434058	0.94584718444	0.933713023907	0.851791507238	0.820073469091	0.93444190852	0.933259391667	0.974537560214	0.946207843183	0.986426147657	0.968637094242	0.934508792361	0.940575433341	0.9790462091	0.879877343242	0.89871055889	0.969218343063	0.972689431538	0.937944277636	0.950937128668	0.931042737393	0.953029404909	0.955082571148	0.960784220784	0.927509842351	0.920438188055	0.846970299167	0.943966603929	0.919783811339	0.97348874845	0.94398473776	0.814521893876	0.872294818625	0.87631022052	0.991730984989	0.9667729709	0.731743167089	0.990717212371	0.906474491829	0.809821769727	0.964820191908	0.898687114344	0.951918596289	0.943293158745	0.982727406755	0.983957727315	0.98587836528	0.981075900517	0.951857388137	0.940443474174	0.954938937232	0.954485714769	0.969429890858	0.986215695343	0.840735591268	0.953644937483	0.950308920333	0.966157566819	0.950884575665	0.943177329773	0.955411874544	0.950777234865	0.94665220506	0.96200784039	0.960966485614	0.971661328053	0.88763575135	0.936168804173	0.961178443433	0.917500642626	0.961443603931
Al11Esophagus	0.833801459874	0.86615820912	0.931490702296	0.824777464579	0.837602969625	0.953474646013	0.952940545205	0.876736044649	0.82516610871	0.930613334715	0.961015188793	0.920107255419	0.955947057114	0.920360629214	0.879819443199	0.921106745785	0.991465043202	0.0	0.912251985197	0.920609854283	0.943423102987	0.934765195479	0.880330638482	0.821263765498	0.806565487691	0.933706716748	0.97556851391	0.979499885536	0.982016562925	0.905528186109	0.67425230247	0.963999940456	0.960834803009	0.875142759669	0.843266761519	0.874864834886	0.877331192106	0.93999427428	0.961695038714	0.906983583532	0.929254925575	0.934863236085	0.949774418127	0.796492079776	0.838014125489	0.882828195208	0.892938889558	0.8886714996	0.944678773024	0.78283952976	0.938993539329	0.851747504104	0.939542051477	0.935308815589	0.876048135202	0.989863030428	0.939542767505	0.969662111138	0.956082047916	0.865857432782	0.92934473253	0.873047809113	0.96575037802	0.843688410208	0.841290038722	0.896850468048	0.987926970874	0.982599319136	0.946107314676	0.989083074231	0.9156001111	0.809289173691	0.841662587228	0.939686085108	0.948859084156	0.945450559118	0.939625932449	0.967177742045	0.967296515918	0.950652321024	0.932840233434	0.818643115848	0.932433965946	0.921774949024	0.901945759599	0.907166241302	0.929003574675	0.904856870428	0.944617806856	0.949204384367	0.862110130936	0.96257265867	0.938166880349	0.938723958679	0.912431397762	0.902935513219	0.863965474457	0.887457028664	0.934131810643	0.948234712289	0.962163257938	0.930346329349	0.801090206106	0.924478303132	0.938025884911	0.978427804469	0.932235529659	0.913750764017	0.964166558972	0.830807085367	0.988754334322	0.96749078436	0.944791933334	0.961711387175	0.847118587283	0.939308256552	0.903654396132	0.925336355226	0.808085126816	0.778716765737	0.776164946682	0.926208999825	0.940677704393	0.932541189675	0.936148219804	0.929795702511	0.810514116672	0.839732651557	0.955156651357	0.821805067469	0.909089892701	0.831997981654	0.927719601376	0.936503271041	0.909679270541	0.942568465268	0.921820511737	0.930696313547	0.912416977001	0.962954662495	0.954125371477	0.941097662978	0.850914224769	0.927712339898	0.86666734805
