	3AbPost2	3AbPost3	3AbStomach	3Abmid1	3Abpost1	3AbAnt1	3AbMid2
3AbPost2	0.0	0.74646990128	0.719005905339	0.802156304506	0.722044996896	0.751129772281	0.72684347997
3AbPost3	0.74646990128	0.0	0.751568383864	0.805729158916	0.721560300034	0.696391315577	0.710767069585
3AbStomach	0.719005905339	0.751568383864	0.0	0.777562819477	0.678804858565	0.736719076562	0.683672150601
3Abmid1	0.802156304506	0.805729158916	0.777562819477	0.0	0.805336079565	0.807947734885	0.813822046119
3Abpost1	0.722044996896	0.721560300034	0.678804858565	0.805336079565	0.0	0.717734317828	0.661808608569
3AbAnt1	0.751129772281	0.696391315577	0.736719076562	0.807947734885	0.717734317828	0.0	0.709391074427
3AbMid2	0.72684347997	0.710767069585	0.683672150601	0.813822046119	0.661808608569	0.709391074427	0.0