	12S	12M1	12A2	12A1	12M2	12P1	12P2
12S	0.0	0.774690261491	0.945582775363	0.772599447577	0.901613088084	0.792968343932	0.957156182442
12M1	0.774690261491	0.0	0.782196710413	0.73205170413	0.902346191356	0.786840691327	0.961928728383
12A2	0.945582775363	0.782196710413	0.0	0.879126895937	0.956223232091	0.921051258663	0.976854173983
12A1	0.772599447577	0.73205170413	0.879126895937	0.0	0.880263225722	0.723250616159	0.958615061578
12M2	0.901613088084	0.902346191356	0.956223232091	0.880263225722	0.0	0.76254407943	0.668769699631
12P1	0.792968343932	0.786840691327	0.921051258663	0.723250616159	0.76254407943	0.0	0.867009347293
12P2	0.957156182442	0.961928728383	0.976854173983	0.958615061578	0.668769699631	0.867009347293	0.0