	7P1	7P2	7M1	7S	7A2	7A1
7P1	0.0	0.918562905628	0.946758707272	0.890852357603	0.851704495943	0.910438800921
7P2	0.918562905628	0.0	0.470806605435	0.895945634198	0.809653674817	0.898847516333
7M1	0.946758707272	0.470806605435	0.0	0.90055246677	0.885670250379	0.894262902848
7S	0.890852357603	0.895945634198	0.90055246677	0.0	0.823239565765	0.71190078891
7A2	0.851704495943	0.809653674817	0.885670250379	0.823239565765	0.0	0.85406528841
7A1	0.910438800921	0.898847516333	0.894262902848	0.71190078891	0.85406528841	0.0