	At14Esophagus	At14Ant1	At14Ant2	At14Mid2	At14Mid1	At14Post1	At14Stomach
At14Esophagus	0.0	0.677499883039	0.712916724643	0.708507595168	0.712707248553	0.764624340065	0.73302837912
At14Ant1	0.677499883039	0.0	0.742507960913	0.695427136616	0.697282457275	0.723915872885	0.725561827182
At14Ant2	0.712916724643	0.742507960913	0.0	0.747687053852	0.739793915209	0.802133396261	0.759473903328
At14Mid2	0.708507595168	0.695427136616	0.747687053852	0.0	0.669763501513	0.753575633163	0.695733844643
At14Mid1	0.712707248553	0.697282457275	0.739793915209	0.669763501513	0.0	0.780374100002	0.676624155162
At14Post1	0.764624340065	0.723915872885	0.802133396261	0.753575633163	0.780374100002	0.0	0.795907463754
At14Stomach	0.73302837912	0.725561827182	0.759473903328	0.695733844643	0.676624155162	0.795907463754	0.0