	9P2	9P1	9M1	9M2	9A	9S
9P2	0.0	0.755348364451	0.78950761893	0.782258357025	0.772881483157	0.881444498541
9P1	0.755348364451	0.0	0.882843113975	0.685414511031	0.851844120397	0.930479443899
9M1	0.78950761893	0.882843113975	0.0	0.900831329202	0.591502276619	0.761848054897
9M2	0.782258357025	0.685414511031	0.900831329202	0.0	0.877798833011	0.937555745919
9A	0.772881483157	0.851844120397	0.591502276619	0.877798833011	0.0	0.811754595577
9S	0.881444498541	0.930479443899	0.761848054897	0.937555745919	0.811754595577	0.0