	Nl19Stomach	Nl19Post2	Nl19Esoph	Nl19Ant1	Nl19Mid2	Nl19Mid1	Nl19Post1
Nl19Stomach	0.0	0.676546678035	0.712453746465	0.706422719587	0.786065003924	0.727317511869	0.694742017887
Nl19Post2	0.676546678035	0.0	0.638523150833	0.648563545126	0.739323419942	0.703230701099	0.660431575569
Nl19Esoph	0.712453746465	0.638523150833	0.0	0.715144200544	0.717508647267	0.691333743779	0.690825661066
Nl19Ant1	0.706422719587	0.648563545126	0.715144200544	0.0	0.733970139245	0.728844099572	0.664267887957
Nl19Mid2	0.786065003924	0.739323419942	0.717508647267	0.733970139245	0.0	0.7314432645	0.717541679697
Nl19Mid1	0.727317511869	0.703230701099	0.691333743779	0.728844099572	0.7314432645	0.0	0.690160839347
Nl19Post1	0.694742017887	0.660431575569	0.690825661066	0.664267887957	0.717541679697	0.690160839347	0.0