	Nl17Ant1	Nl17Stomach	Nl17Esoph	Nl17Post1	Nl17Post2	Nl17Mid1	Nl17Mid2
Nl17Ant1	0.0	0.733063328223	0.717471432042	0.78227119255	0.869906641193	0.741376957165	0.786377715295
Nl17Stomach	0.733063328223	0.0	0.685253626317	0.742148737936	0.833886527144	0.676461007161	0.728528750238
Nl17Esoph	0.717471432042	0.685253626317	0.0	0.750202873424	0.819357580474	0.664378796194	0.729946048822
Nl17Post1	0.78227119255	0.742148737936	0.750202873424	0.0	0.668045285387	0.728345710399	0.682818605229
Nl17Post2	0.869906641193	0.833886527144	0.819357580474	0.668045285387	0.0	0.807788237511	0.772326171664
Nl17Mid1	0.741376957165	0.676461007161	0.664378796194	0.728345710399	0.807788237511	0.0	0.715272422312
Nl17Mid2	0.786377715295	0.728528750238	0.729946048822	0.682818605229	0.772326171664	0.715272422312	0.0