	Nl18Mid2	Nl18Esoph	Nl18Post1	Nl18Post2	Nl18Stomach	Nl18Mid1	Nl18Ant1
Nl18Mid2	0.0	0.626187260342	0.604543075412	0.848835173512	0.687418133141	0.821092615024	0.613744809174
Nl18Esoph	0.626187260342	0.0	0.689770985355	0.872714599465	0.69155244878	0.816696493425	0.684703272417
Nl18Post1	0.604543075412	0.689770985355	0.0	0.80817481679	0.705627132462	0.843187915217	0.636306895969
Nl18Post2	0.848835173512	0.872714599465	0.80817481679	0.0	0.852134095301	0.912109564609	0.844449515978
Nl18Stomach	0.687418133141	0.69155244878	0.705627132462	0.852134095301	0.0	0.839777026627	0.66739014545
Nl18Mid1	0.821092615024	0.816696493425	0.843187915217	0.912109564609	0.839777026627	0.0	0.828257108956
Nl18Ant1	0.613744809174	0.684703272417	0.636306895969	0.844449515978	0.66739014545	0.828257108956	0.0