	Nu15Mid2	Nu15Mid1	Nu15Post1	Nu15Post2	Nu15Stomach	Nu15Ant1	Nu15Esophagus
Nu15Mid2	0.0	0.675554889511	0.805853449916	0.730763278407	0.728413177534	0.731290191355	0.710744891413
Nu15Mid1	0.675554889511	0.0	0.810146681769	0.726745650001	0.747876903394	0.718099520527	0.698505001432
Nu15Post1	0.805853449916	0.810146681769	0.0	0.853089287382	0.85424338334	0.854863900488	0.851972199162
Nu15Post2	0.730763278407	0.726745650001	0.853089287382	0.0	0.717654709696	0.710200419001	0.675664912604
Nu15Stomach	0.728413177534	0.747876903394	0.85424338334	0.717654709696	0.0	0.715505194462	0.701561748979
Nu15Ant1	0.731290191355	0.718099520527	0.854863900488	0.710200419001	0.715505194462	0.0	0.708456430723
Nu15Esophagus	0.710744891413	0.698505001432	0.851972199162	0.675664912604	0.701561748979	0.708456430723	0.0