	13M1	13S	13M2	13A2	13P1	13P2
13M1	0.0	0.926411742611	0.929074626911	0.915437884976	0.902133101195	0.971853668999
13S	0.926411742611	0.0	0.666337432158	0.698504818077	0.698702103144	0.946284157475
13M2	0.929074626911	0.666337432158	0.0	0.680227151228	0.694284045841	0.924335626903
13A2	0.915437884976	0.698504818077	0.680227151228	0.0	0.712924506761	0.939665747996
13P1	0.902133101195	0.698702103144	0.694284045841	0.712924506761	0.0	0.866398824573
13P2	0.971853668999	0.946284157475	0.924335626903	0.939665747996	0.866398824573	0.0